1.7182305E13
1.5774468E13
1.45966246E13
1.37980249E13
1.33645793E13
1.31996089E13
1.34178595E13
1.39005421E13
1.45954838E13
1.54872536E13
1.63537748E13
1.70832901E13
1.75891011E13
1.76370399E13
1.73088451E13
1.66847872E13
1.56919744E13
1.46975616E13
1.37021421E13
1.28198807E13
1.22305527E13
1.18665647E13
1.17756333E13
1.20692178E13
1.25549559E13
1.33466969E13
1.43925161E13
1.55701855E13
1.68797888E13
1.819617E13
1.93089692E13
2.01848217E13
2.07366516E13
2.08828335E13
2.08003882E13
2.05200556E13
2.01826658E13
2.003351E13
2.00262896E13
2.04004068E13
2.11715946E13
2.23291407E13
2.39633946E13
2.60637679E13
2.85909073E13
3.15650841E13
3.50380643E13
3.8429048E13
4.2198968E13
4.594962E13
4.9464018E13
5.2960063E13
5.6227074E13
5.9248575E13
6.2214195E13
6.4880229E13
6.7523211E13
7.0047565E13
7.2386448E13
7.4556715E13
7.6862533E13
7.9022021E13
8.0412315E13
8.1161804E13
8.0842299E13
7.9628736E13
7.7381637E13
7.384188E13
6.9672074E13
6.4616932E13
5.9336106E13
5.3978142E13
4.8663909E13
4.3792527E13
3.9300918E13
3.50549757E13
3.13004508E13
2.80341135E13
2.50478361E13
2.25061592E13
2.00518601E13
1.78413655E13
1.58578497E13
1.38878218E13
1.2117403E13
1.0497805E13
8.9488485E12
7.571026E12
6.3402882E12
5.2471383E12
4.34502186E12
3.56646309E12
2.93242824E12
2.42675063E12
2.01118712E12
1.68067898E12
1.41993234E12
1.20534532E12
1.03321489E12
8.8944417E11
7.661334E11
6.6187454E11
5.6961571E11
4.86347244E11
4.13562896E11
3.47988623E11
2.91306045E11
2.43497927E11
2.04246024E11
1.72686639E11
1.4838299E11
1.30478817E11
1.17985976E11
1.10736777E11
1.07803288E11
1.09817815E11
1.16662346E11
1.286835E11
1.46812404E11
1.71344085E11
2.01936191E11
2.38417789E11
2.78439494E11
3.19309185E11
3.59491338E11
3.978607E11
4.34444763E11
4.74309591E11
5.18919062E11
5.7613779E11
6.5704198E11
7.6969987E11
9.297821E11
1.15660515E12
1.46638124E12
1.89547872E12
2.45855709E12
3.17386339E12
4.07755266E12
5.153458E12
6.4185382E12
7.8534248E12
9.4586672E12
1.12972247E13
1.35180163E13
1.61804903E13
1.97158104E13
2.45109023E13
3.10797423E13
4.0517308E13
5.367497E13
7.2315103E13
9.8085603E13
1.31531721E14
1.73366741E14
2.20523049E14
2.68159437E14
3.09938027E14
3.40510711E14
3.54901369E14
3.53871247E14
3.41478522E14
3.21566148E14
2.98814733E14
2.78836374E14
2.63187526E14
2.55470862E14
2.56174482E14
2.65409635E14
2.84725596E14
3.13792525E14
3.49788545E14
3.89980715E14
4.26697149E14
4.49991408E14
4.53982909E14
4.32793788E14
3.91418925E14
3.37152718E14
2.78614159E14
2.26254364E14
1.82178839E14
1.48609509E14
1.23806073E14
1.06364966E14
9.4315049E13
8.6323809E13
8.0590733E13
7.594721E13
7.1587617E13
6.6573172E13
6.0427866E13
5.3170185E13
4.5070158E13
3.6770457E13
2.8942002E13
2.21329458E13
1.66219586E13
1.23198736E13
9.1733214E12
6.9250072E12
5.3508529E12
4.26809858E12
3.54143673E12
3.06201231E12
2.74793418E12
2.55977875E12
2.43516152E12
2.34449561E12
2.26283487E12
2.16285158E12
2.03374186E12
1.86898081E12
1.67510724E12
1.46319344E12
1.25315278E12
1.05884923E12
8.943384E11
7.6534179E11
6.6895905E11
6.0679009E11
5.7108542E11
5.6342099E11
5.7853398E11
6.1596015E11
6.7115726E11
7.4205508E11
8.1982744E11
8.979826E11
9.6857942E11
1.02355848E12
1.06226582E12
1.09233989E12
1.11604282E12
1.1447122E12
1.18637527E12
1.25668334E12
1.36250982E12
1.5225836E12
1.74310215E12
2.04833659E12
2.43941533E12
2.93590375E12
3.53769646E12
4.21819685E12
4.9682884E12
5.7057943E12
6.34376E12
6.8568985E12
7.1987946E12
7.4022199E12
7.5026572E12
7.5487773E12
7.6096518E12
7.7719887E12
8.0895164E12
8.6591406E12
9.5199879E12
1.07776259E13
1.24723732E13
1.46561586E13
1.73712553E13
2.04860335E13
2.38213042E13
2.70186221E13
2.98588979E13
3.18290988E13
3.28325105E13
3.28570681E13
3.20173664E13
3.06277914E13
2.89072459E13
2.7416217E13
2.61409368E13
2.54042639E13
2.49821827E13
2.50418655E13
2.54628667E13
2.61365474E13
2.69808734E13
2.76363592E13
2.81655839E13
2.8237986E13
2.79010743E13
2.70801211E13
2.58628125E13
2.43939316E13
2.27588618E13
2.11436689E13
1.96606092E13
1.84898762E13
1.75149804E13
1.68376329E13
1.65019512E13
1.63157031E13
1.63859346E13
1.65803836E13
1.67756683E13
1.6854084E13
1.67310273E13
1.63299931E13
