2.85235846E13
2.8559406E13
2.82457434E13
2.75667611E13
2.65835575E13
2.50164187E13
2.32195621E13
2.11617422E13
1.89225396E13
1.67939806E13
1.47370006E13
1.28071479E13
1.10827112E13
9.5018832E12
8.0761963E12
6.8730036E12
5.8027042E12
4.9123264E12
4.16456298E12
3.55158327E12
3.04563329E12
2.65070418E12
2.33438E12
2.09822378E12
1.91247797E12
1.76788275E12
1.66600062E12
1.60053697E12
1.5639975E12
1.55487214E12
1.57912282E12
1.62884878E12
1.71677843E12
1.83517879E12
1.98958055E12
2.19343644E12
2.44908425E12
2.75854184E12
3.1527823E12
3.63128108E12
4.20913113E12
4.9236956E12
5.7380113E12
6.6905634E12
7.7709805E12
8.9543808E12
1.0300808E13
1.17237298E13
1.32241288E13
1.48170175E13
1.64592322E13
1.81513161E13
1.99732652E13
2.17653403E13
2.35530302E13
2.53049826E13
2.69057933E13
2.84313015E13
2.97975666E13
3.0914967E13
3.18716856E13
3.27828898E13
3.3643886E13
3.46111701E13
3.5761307E13
3.7049734E13
3.8537387E13
4.0067574E13
4.1621194E13
4.3227546E13
4.4719673E13
4.5900391E13
4.6828196E13
4.7635998E13
4.8254914E13
4.8830431E13
4.9067481E13
4.9295428E13
4.9300692E13
4.8956889E13
4.7991939E13
4.6728003E13
4.4952625E13
4.2651793E13
4.0049085E13
3.7112611E13
3.41038334E13
3.11225137E13
2.82215108E13
2.54893474E13
2.2932376E13
2.04726348E13
1.83049178E13
1.62628538E13
1.44086674E13
1.27157739E13
1.11574547E13
9.7764487E12
8.5584385E12
7.4799099E12
6.5415256E12
5.7376721E12
5.0307279E12
4.4209107E12
3.88813501E12
3.41913528E12
3.02257196E12
2.67062765E12
2.37223123E12
2.12453674E12
1.91620592E12
1.74880666E12
1.60964792E12
1.49830356E12
1.40737289E12
1.33500764E12
1.27247201E12
1.22074969E12
1.17766606E12
1.14047556E12
1.1126613E12
1.09059742E12
1.07269443E12
1.06477919E12
1.05723278E12
1.0576644E12
1.05793677E12
1.05883107E12
1.05976044E12
1.06403208E12
1.06630342E12
1.07193362E12
1.07584173E12
1.08333702E12
1.09409554E12
1.10749719E12
1.12620863E12
1.15185654E12
1.18068439E12
1.2095737E12
1.24930097E12
1.28703935E12
1.32834787E12
1.37274052E12
1.41641594E12
1.45520014E12
1.50229837E12
1.54764378E12
1.59331831E12
1.64664141E12
1.69769671E12
1.76303715E12
1.83577385E12
1.91048358E12
2.00158544E12
2.10512655E12
2.2256293E12
2.37556833E12
2.5582266E12
2.78106839E12
3.05953138E12
3.40215647E12
3.81935157E12
4.30856156E12
4.901526E12
5.5965123E12
6.4057943E12
7.3340043E12
8.3813052E12
9.5798239E12
1.09106398E13
1.23423823E13
1.38943933E13
1.54776854E13
1.70716949E13
1.86582963E13
2.01400957E13
2.15158295E13
2.275118E13
2.37664364E13
2.46843053E13
2.53599678E13
2.58900062E13
2.62552651E13
2.63709985E13
2.64411588E13
2.63616452E13
2.61983379E13
2.60791337E13
2.59320646E13
2.58854135E13
2.59860327E13
2.61566465E13
2.63936436E13
2.67870483E13
2.72862145E13
2.789921E13
2.8573027E13
2.93193761E13
3.01155347E13
3.09755264E13
3.17431302E13
3.24787314E13
3.29910783E13
3.33484665E13
3.34447153E13
3.33939139E13
3.31572419E13
3.26398242E13
3.1957392E13
3.10354924E13
2.99613563E13
2.87056572E13
2.73697168E13
2.58534906E13
2.43144998E13
2.26879991E13
2.11027745E13
1.95066426E13
1.80975263E13
1.68148462E13
1.55959249E13
1.45317335E13
1.35562044E13
1.2727518E13
1.19735121E13
1.13127289E13
1.07650325E13
1.02984508E13
9.883675E12
9.5484295E12
9.2711567E12
9.0681786E12
8.9308424E12
8.8685622E12
8.8334475E12
8.8843926E12
8.9578998E12
9.0535237E12
9.1745115E12
9.3047268E12
9.4306723E12
9.5862758E12
9.7425881E12
9.9177611E12
1.01638042E13
1.04168654E13
1.06937744E13
1.10131308E13
1.13553158E13
1.16906598E13
1.20754348E13
1.2454236E13
1.28435964E13
1.32900738E13
1.37407192E13
1.42967833E13
1.4910887E13
1.55928609E13
1.63898416E13
1.72386681E13
1.82247563E13
1.92866282E13
2.04046472E13
2.16272072E13
2.30875191E13
2.45495507E13
2.62338406E13
2.81471646E13
3.01779795E13
3.25368918E13
3.50577838E13
3.7843074E13
4.0890815E13
4.4070466E13
4.7180446E13
5.0620799E13
5.3851038E13
5.7255836E13
6.0675599E13
6.3626061E13
6.6439982E13
6.8733351E13
7.0490387E13
7.1541891E13
7.2026711E13
7.1736599E13
7.0570834E13
6.8836473E13
6.6375381E13
6.3681426E13
6.022076E13
5.6673255E13
5.2888395E13
4.8560528E13
4.4392996E13
4.037351E13
3.6385419E13
3.2697024E13
2.93647082E13
2.62695907E13
