-0.9897146
-0.98739636
-0.98488826
-0.98235834
-0.97982526
-0.97743845
-0.97523105
-0.9732911
-0.97175163
-0.9706844
-0.9700796
-0.9700179
-0.97046816
-0.97135097
-0.9726268
-0.9741986
-0.97596043
-0.9778335
-0.9798431
-0.9817917
-0.9836036
-0.98523945
-0.98669016
-0.9878676
-0.9888145
-0.9896283
-0.9903305
-0.9910402
-0.9918002
-0.99268067
-0.99365425
-0.9946047
-0.99559295
-0.99660325
-0.99761665
-0.9985869
-0.9995717
-1.0006348
-1.0017425
-1.0028272
-1.0040053
-1.0051733
-1.0062147
-1.0072831
-1.0083572
-1.0094157
-1.010603
-1.0116802
-1.0129046
-1.0140958
-1.0152904
-1.0164702
-1.0175831
-1.01866
-1.0197309
-1.0208237
-1.0220393
-1.0234662
-1.0250926
-1.0268724
-1.0288519
-1.0307467
-1.0327834
-1.0346959
-1.0365424
-1.0384455
-1.0402272
-1.0420588
-1.0438144
-1.0454566
-1.047025
-1.0483651
-1.0494956
-1.0505261
-1.0513095
-1.0518029
-1.0522361
-1.0524194
-1.0523903
-1.0523175
-1.052002
-1.0516217
-1.0512751
-1.0508522
-1.0504817
-1.0502828
-1.050155
-1.0503153
-1.0505464
-1.0509647
-1.0515395
-1.0521886
-1.0530493
-1.0539997
-1.0550884
-1.0562941
-1.0576752
-1.0590727
-1.0604961
-1.0618474
-1.0628912
-1.0636275
-1.0639702
-1.0638
-1.0630028
-1.0616275
-1.0593677
-1.0564129
-1.052616
-1.0479864
-1.0426837
-1.0366988
-1.0302248
-1.0235587
-1.0167714
-1.0101717
-1.0038695
-0.9978254
-0.99217665
-0.986905
-0.9817814
-0.97707146
-0.9725676
-0.96830946
-0.96446466
-0.96091425
-0.9577645
-0.9551826
-0.95297045
-0.95130074
-0.9500669
-0.94911623
-0.94866425
-0.94857967
-0.94883186
-0.94960606
-0.95066833
-0.9519092
-0.9533107
-0.9546966
-0.9559787
-0.957078
-0.9580249
-0.9587527
-0.95940727
-0.9600406
-0.96075016
-0.96171576
-0.96286154
-0.96416616
-0.96588886
-0.96770686
-0.9698091
-0.9721866
-0.97471434
-0.9775203
-0.9805434
-0.9834998
-0.9865848
-0.9894624
-0.9921235
-0.9945832
-0.99669504
-0.99845916
-1.0000191
-1.0012283
-1.0021939
-1.0029647
-1.0035106
-1.0039382
-1.004159
-1.0042222
-1.004231
-1.0040212
-1.0037749
-1.0035317
-1.0030847
-1.0025703
-1.0020373
-1.0013578
-1.0007441
-1.0001204
-0.9995657
-0.99919516
-0.9988358
-0.99880064
-0.9989439
-0.9992172
-0.9996025
-1.0001304
-1.0007253
-1.0013566
-1.0020247
-1.002754
-1.0034045
-1.0039003
-1.0042536
-1.0042877
-1.0040026
-1.0032034
-1.0019081
-1.0001509
-0.997941
-0.99525744
-0.99227715
-0.98907965
-0.9857467
-0.9825552
-0.97940457
-0.976622
-0.97409195
-0.97191656
-0.9702285
-0.96886384
-0.96790695
-0.9675212
-0.96730083
-0.967476
-0.96784407
-0.9682958
-0.9690224
-0.96986437
-0.9708979
-0.9722485
-0.9737746
-0.9756449
-0.9778516
-0.9803506
-0.98316145
-0.98620284
-0.98945093
-0.99271
-0.9958873
-0.9988861
-1.0015576
-1.0039145
-1.0058261
-1.0072746
-1.0082887
-1.0088254
-1.0088768
-1.0086398
-1.0078775
-1.0068485
-1.0055723
-1.0040407
-1.0023626
-1.0005978
-0.9986403
-0.996765
-0.99480474
-0.99285614
-0.99107647
-0.98932576
-0.98766917
-0.98615825
-0.9846615
-0.9832783
-0.9821046
-0.9809437
-0.9800241
-0.9792256
-0.97857356
-0.9780936
-0.9777489
-0.97760487
-0.9775285
-0.9776469
-0.97794217
-0.9783304
-0.9788118
-0.9795538
-0.9803813
-0.9815141
-0.98282564
-0.9844447
-0.9863364
-0.98840827
-0.99068254
-0.99310887
-0.9955444
-0.9979553
-1.0002586
-1.0023735
-1.004277
-1.0058764
-1.0073385
-1.0085368
-1.0095354
-1.0104011
-1.0108765
-1.0112252
-1.0112177
-1.0108263
-1.0100089
-1.0088756
-1.0072681
-1.0053245
-1.0030272
-1.0004228
-0.9975277
