4.1797804E13
4.095318E13
3.9466178E13
3.7373807E13
3.50314478E13
3.22398742E13
2.90606526E13
2.54292808E13
2.17382493E13
1.81658284E13
1.49721878E13
1.23332041E13
1.02649949E13
8.7150622E12
7.5517578E12
6.6799162E12
6.0228654E12
5.5252264E12
5.1274952E12
4.8286191E12
4.6032932E12
4.4540462E12
4.399729E12
4.4178845E12
4.5218063E12
4.6792908E12
4.8993293E12
5.1527696E12
5.440697E12
5.7452501E12
6.0374725E12
6.3213907E12
6.5727549E12
6.7935918E12
6.9795735E12
7.1411654E12
7.2511741E12
7.2991302E12
7.2977802E12
7.2068314E12
7.0527877E12
6.8004107E12
6.5038791E12
6.1941246E12
5.8732661E12
5.5797675E12
5.3589935E12
5.1776853E12
5.0758743E12
5.0522583E12
5.1006218E12
5.2139566E12
5.4074566E12
5.6478233E12
5.9941228E12
6.4289647E12
6.989405E12
7.6974286E12
8.5480623E12
9.5100967E12
1.05843178E13
1.16949642E13
1.28150164E13
1.38483566E13
1.48299391E13
1.57652647E13
1.6628142E13
1.75126421E13
1.83986207E13
1.90919874E13
1.9684999E13
2.00048734E13
1.99774951E13
1.96923978E13
1.91430719E13
1.84630934E13
1.77812359E13
1.72330792E13
1.68338433E13
1.66346768E13
1.66134012E13
1.67187138E13
1.69840686E13
1.72915876E13
1.7674149E13
1.80933152E13
1.86006267E13
1.91448629E13
1.97194594E13
2.02518445E13
2.07872202E13
2.12742082E13
2.1724903E13
2.22278797E13
2.27738439E13
2.33011958E13
2.39437024E13
2.45499701E13
2.49559431E13
2.52898789E13
2.52924836E13
2.51703916E13
2.49207907E13
2.44801602E13
2.41400587E13
2.38374837E13
2.36512587E13
2.37891108E13
2.40310425E13
2.44540275E13
2.50445394E13
2.56937233E13
2.6381262E13
2.71416033E13
2.7877668E13
2.88839864E13
3.00531612E13
3.1381749E13
3.29256387E13
3.45330302E13
3.6112802E13
3.7550798E13
3.8774357E13
3.965769E13
4.0508575E13
4.115803E13
4.1959633E13
4.3087691E13
4.4608499E13
4.6527276E13
4.8948765E13
5.1477624E13
5.4177728E13
5.7009454E13
6.0056041E13
6.3347672E13
6.6435544E13
6.9394361E13
7.2054057E13
7.4105584E13
7.5200968E13
7.6019235E13
7.6437969E13
7.6886433E13
7.7850485E13
7.8688574E13
7.9887348E13
8.0917888E13
8.0796665E13
7.9049762E13
7.5538937E13
6.9686029E13
6.2434111E13
5.3973302E13
4.4993624E13
3.6640588E13
2.92722154E13
2.32107939E13
1.85689723E13
1.50541131E13
1.24117875E13
1.03771841E13
8.7101266E12
7.2972931E12
6.013694E12
4.8888372E12
3.92851594E12
3.14929027E12
2.55027577E12
2.12411941E12
1.83860527E12
1.67312425E12
1.59915468E12
1.59330913E12
1.64728537E12
1.7429758E12
1.87851237E12
2.05414662E12
2.27631484E12
2.56614833E12
2.94614676E12
3.45105603E12
4.10023992E12
4.900348E12
5.8446803E12
6.9119037E12
8.067005E12
9.3359796E12
1.07312474E13
1.23073787E13
1.41194439E13
1.61692611E13
1.83621596E13
2.04448916E13
2.23167507E13
2.3791835E13
2.48384586E13
2.55682297E13
2.61923925E13
2.66555527E13
2.70206312E13
2.7270553E13
2.72595283E13
2.70097092E13
2.64453447E13
2.57224081E13
2.50583009E13
2.46656197E13
2.46514157E13
2.51346981E13
2.59637379E13
2.72643643E13
2.87492171E13
3.03963413E13
3.19588558E13
3.33229693E13
3.42735077E13
3.46385128E13
3.44837975E13
3.3671042E13
3.24242013E13
3.08016662E13
2.91766754E13
2.7659667E13
2.65628271E13
2.57493083E13
2.52924836E13
2.49626079E13
2.45443519E13
2.37682043E13
2.25483959E13
2.07950321E13
1.87553819E13
1.6587343E13
1.46071806E13
1.29728281E13
1.17132472E13
1.08065058E13
1.01535543E13
9.6925815E12
9.3078684E12
8.9655911E12
8.6249214E12
8.2631773E12
7.852436E12
7.4710841E12
7.0888367E12
6.6955164E12
6.3408806E12
6.0188231E12
5.73672E12
5.5201387E12
5.3546818E12
5.2308901E12
5.1479461E12
5.0899704E12
5.0482895E12
5.022981E12
4.9895225E12
4.9667344E12
4.9512794E12
4.9444469E12
4.946673E12
4.9281116E12
4.8993109E12
4.8591075E12
4.7832173E12
4.6973358E12
4.57853E12
4.4533495E12
4.34824675E12
4.27717716E12
4.22418684E12
4.20286562E12
4.19160995E12
4.15481201E12
4.07937299E12
3.93305181E12
3.73552605E12
3.49959016E12
3.25405377E12
3.03461617E12
2.87167585E12
2.76507918E12
2.71952747E12
2.72258957E12
2.74993696E12
2.79260824E12
2.80371475E12
2.7879675E12
2.74028718E12
2.66207861E12
2.56441634E12
2.46582215E12
2.37102354E12
2.29074875E12
2.22456814E12
2.16723305E12
2.12029014E12
2.07797971E12
2.03298557E12
