
1
0.1475,0.0,0.0,0.0,0.0,0.0,0.0
0.125,0.0,0.0,0.0,0.0,0.0,0.0
0.17,0.16,0.0,0.0,0.0,0.0,0.0
0.225,0.0975,0.0,0.0,0.0,0.0,0.0
0.0825,0.1825,0.0225,0.0,0.0,0.0,0.0
0.1225,0.1,0.0,0.0,0.0,0.0,0.0
0.24,0.0025,0.0,0.0,0.0,0.0,0.0
0.0075,0.0,0.0,0.0,0.0,0.0,0.0


2
0.0575,0.0525,0.03,0.0050,0.0050,0.0050,0.0275
0.135,0.07,0.04,0.0075,0.0075,0.0075,0.06
0.13,0.1,0.0375,0.0050,0.0050,0.0025,0.0325
0.07,0.0425,0.0050,0.0075,0.0075,0.01,0.0175
0.09,0.04,0.015,0.025,0.0,0.0,0.0
0.035,0.0,0.0,0.0,0.0,0.0,0.0
0.0325,0.0,0.0,0.0,0.0,0.0,0.0
0.015,0.0,0.0,0.0,0.0,0.0,0.0


3
0.115,0.0,0.0,0.0,0.0,0.0,0.0
0.0425,0.0,0.0,0.0,0.0,0.0,0.0
0.035,0.0,0.0,0.0,0.0,0.0,0.0
0.0075,0.0,0.0,0.0,0.0,0.0,0.0



4
0.0525,0.0,0.0,0.0,0.0,0.0,0.0
0.095,0.025,0.0,0.0,0.0,0.0,0.0
0.13,0.0425,0.0,0.0,0.0,0.0,0.0
0.155,0.0,0.0,0.0,0.0,0.0,0.0


5
0.2225,0.0,0.0,0.0,0.0,0.0,0.0
0.1025,0.1925,0.0325,0.0,0.0,0.0,0.0
0.1425,0.1025,0.1075,0.0,0.0,0.0,0.0
0.1575,0.1275,0.0,0.0,0.0,0.0,0.0
0.145,0.0,0.0,0.0,0.0,0.0,0.0
0.0975,0.0,0.0,0.0,0.0,0.0,0.0
0.1925,0.0325,0.0,0.0,0.0,0.0,0.0
0.1875,0.0,0.0,0.0,0.0,0.0,0.0

6
0.1725,0.0,0.0,0.0,0.0,0.0,0.0
0.1625,0.0,0.0,0.0,0.0,0.0,0.0
0.0675,0.055,0.0,0.0,0.0,0.0,0.0
0.185,0.06,0.0,0.0,0.0,0.0,0.0
0.055,0.0,0.0,0.0,0.0,0.0,0.0
0.025,0.0,0.0,0.0,0.0,0.0,0.0



7
0.2225,0.065,0.0,0.0,0.0,0.0,0.0
0.1775,0.06,0.01,0.0,0.0,0.0,0.0
0.1975,0.09,0.07,0.0,0.0,0.0,0.0
0.2075,0.105,0.0775,0.0,0.0,0.0,0.0
0.07,0.07,0.0375,0.0,0.0,0.0,0.0
0.0675,0.1275,0.0175,0.0,0.0,0.0,0.0
0.245,0.04,0.0,0.0,0.0,0.0,0.0



8
0.06,0.015,0.025,0.0,0.0,0.0,0.0
0.0375,0.01,0.01,0.02,0.0075,0.0,0.0
0.165,0.01,0.015,0.0175,0.0,0.0,0.0
0.0625,0.0125,0.0,0.0,0.0,0.0,0.0


9
0.2175,0.0375,0.0,0.0,0.0,0.0,0.0
0.1675,0.0,0.0,0.0,0.0,0.0,0.0
0.03,0.0,0.0,0.0,0.0,0.0,0.0
0.0725,0.0,0.0,0.0,0.0,0.0,0.0
0.1075,0.0,0.0,0.0,0.0,0.0,0.0

