-0.9814739
-0.9810706
-0.9806918
-0.98034066
-0.9798859
-0.97953486
-0.9790802
-0.97872937
-0.9783021
-0.9779085
-0.9776857
-0.97748744
-0.97733176
-0.9772891
-0.9773501
-0.9774264
-0.97769487
-0.97803974
-0.97850657
-0.97913516
-0.97995305
-0.9809967
-0.982129
-0.98363364
-0.9852848
-0.98710096
-0.98909426
-0.991274
-0.99350584
-0.9959271
-0.9983821
-1.0008615
-1.0034816
-1.0060835
-1.008826
-1.0116757
-1.0145533
-1.0176454
-1.0207164
-1.0238433
-1.0270778
-1.0302424
-1.0334473
-1.0367044
-1.0397846
-1.0428187
-1.0457059
-1.0483972
-1.0510887
-1.0536332
-1.0559696
-1.0582265
-1.0602261
-1.0620174
-1.0636894
-1.0651529
-1.0665157
-1.0676701
-1.0685856
-1.0693724
-1.0699601
-1.070309
-1.070618
-1.0706698
-1.0706114
-1.0703447
-1.0699495
-1.0694045
-1.0687587
-1.067942
-1.0669025
-1.0657411
-1.0644459
-1.0628973
-1.0612453
-1.0593308
-1.0571567
-1.0548699
-1.052146
-1.0493214
-1.0462773
-1.042885
-1.039371
-1.0356773
-1.0317519
-1.0277355
-1.0235089
-1.0190722
-1.014694
-1.0099988
-1.0052127
-1.0003601
-0.9952519
-0.9901659
-0.9850655
-0.97984123
-0.9747309
-0.969567
-0.9644653
-0.95966345
-0.954884
-0.9503522
-0.9461775
-0.94207364
-0.9382904
-0.93475765
-0.9313996
-0.92838335
-0.925709
-0.92321825
-0.92118776
-0.91943425
-0.9180493
-0.9171386
-0.9166805
-0.91666603
-0.9170645
-0.91789746
-0.91920435
-0.9209153
-0.9230339
-0.92542905
-0.92830753
-0.93138725
-0.93469536
-0.938311
-0.9421371
-0.94615227
-0.9504627
-0.9547862
-0.95942324
-0.96410966
-0.96879673
-0.97367007
-0.9785351
-0.9832517
-0.9880087
-0.99262935
-0.99704355
-1.0013883
-1.0053982
-1.0092195
-1.0128431
-1.0161009
-1.0191883
-1.0220013
-1.0244942
-1.0268466
-1.0288515
-1.030597
-1.0322022
-1.0334991
-1.0345856
-1.0355225
-1.036142
-1.0365937
-1.0368286
-1.0368774
-1.0367768
-1.0365267
-1.0360293
-1.0355077
-1.0348458
-1.0340711
-1.0331926
-1.0323293
-1.0312952
-1.030139
-1.0288763
-1.027455
-1.0259727
-1.024265
-1.0225329
-1.0207853
-1.018925
-1.0170429
-1.0152364
-1.0133898
-1.0115976
-1.009933
-1.0082195
-1.0065148
-1.0048957
-1.0030969
-1.0013442
-0.99954593
-0.99759847
-0.99576724
-0.9938477
-0.9919989
-0.9903122
-0.9886508
-0.9871427
-0.98566604
-0.9840859
-0.98258245
-0.98096263
-0.97930574
-0.9776021
-0.9758122
-0.9740337
-0.97236156
-0.97061217
-0.96898127
-0.9673619
-0.96586394
-0.96439624
-0.9630593
-0.9617834
-0.960657
-0.95976615
-0.95906484
-0.95849216
-0.9581673
-0.957837
-0.9577274
-0.9578752
-0.9581433
-0.95864135
-0.9594484
-0.9605124
-0.96187854
-0.9634797
-0.9652274
-0.9673559
-0.96955144
-0.9718989
-0.974465
-0.97721344
-0.98004913
-0.98305464
-0.98610216
-0.9891703
-0.9923415
-0.9953388
-0.9983996
-1.0013931
-1.0042975
-1.0071588
-1.0100074
-1.0127215
-1.0154327
-1.0179338
-1.0203167
-1.0225451
-1.0244327
-1.0261017
-1.0274664
-1.0284961
-1.0291935
-1.0295583
-1.0295812
-1.0292896
-1.0287995
-1.028062
-1.0272025
-1.0261905
-1.025038
-1.0237757
-1.0224766
-1.0209357
-1.0192233
-1.0173637
-1.0152162
-1.0131084
-1.0108385
-1.0085506
-1.0063334
-1.004153
-1.0020463
-1.0000132
-0.998078
-0.99623454
-0.994449
-0.9927522
-0.9911041
-0.98950803
-0.98797303
-0.98661506
-0.98532414
-0.98410046
-0.98308724
-0.9822388
-0.98154294
-0.98102117
-0.9806154
-0.9804541
-0.98028374
-0.98017454
-0.98016644
-0.9802011
-0.98029995
-0.98045385
-0.9806534
-0.9808711
-0.98107624
-0.98140943
-0.9816903
-0.9821055
-0.98259664
-0.9831518
