6.6784639E12
7.1602599E12
7.7418804E12
8.3745938E12
9.1147899E12
9.9596737E12
1.09550145E13
1.21086463E13
1.35110569E13
1.52151314E13
1.72273938E13
1.94743737E13
2.18917021E13
2.43690069E13
2.63899673E13
2.77659108E13
2.82430506E13
2.77914499E13
2.65525951E13
2.45625237E13
2.21190606E13
1.95495503E13
1.69713106E13
1.44604544E13
1.21111639E13
9.9544696E12
8.1055942E12
6.5435096E12
5.2539881E12
4.25426551E12
3.46493315E12
2.84452821E12
2.35743216E12
1.96224995E12
1.63621909E12
1.36878214E12
1.14938754E12
9.645751E11
8.2178592E11
7.0966254E11
6.2624393E11
5.6921168E11
5.3171549E11
5.13823212E11
5.10022058E11
5.19057637E11
5.40249522E11
5.6793419E11
5.9999991E11
6.3575169E11
6.7242708E11
7.0852103E11
7.4624211E11
7.8449469E11
8.2428192E11
8.7176177E11
9.2877534E11
9.9946837E11
1.09074304E12
1.19376826E12
1.31243141E12
1.44331401E12
1.58146481E12
1.71861973E12
1.85504131E12
1.97785498E12
2.09912843E12
2.21661417E12
2.3331647E12
2.46800083E12
2.62789477E12
2.81278834E12
3.05011543E12
3.33516295E12
3.70206835E12
4.17881365E12
4.7573411E12
5.5085168E12
6.4441019E12
7.6128023E12
9.121138E12
1.10015E13
1.33193846E13
1.62158042E13
1.97148709E13
2.38880062E13
2.89653056E13
3.49261036E13
4.2082584E13
5.0455292E13
6.0371646E13
7.1959015E13
8.5160083E13
1.00055659E14
1.15836585E14
1.31481557E14
1.46010047E14
1.57031202E14
1.63830689E14
1.65006688E14
1.60497123E14
1.51355134E14
1.38591716E14
1.24558338E14
1.09918154E14
9.5625039E13
8.2388353E13
7.0395932E13
5.9313591E13
4.9336721E13
4.0372047E13
3.2613874E13
2.59270692E13
2.03032457E13
1.58723746E13
1.24248864E13
9.7218724E12
7.6994991E12
6.1392195E12
4.9445413E12
4.03400845E12
3.32345324E12
2.79002612E12
2.39194525E12
2.0975675E12
1.89980764E12
1.7683111E12
1.69063298E12
1.65564842E12
1.64974743E12
1.66014196E12
1.6897915E12
1.7249842E12
1.77491372E12
1.84032087E12
1.92508946E12
2.02761057E12
2.16190707E12
2.31571456E12
2.51077565E12
2.74000511E12
3.01292506E12
3.3415687E12
3.70307105E12
4.09962204E12
4.505664E12
4.9259877E12
5.3386915E12
5.736829E12
6.11679E12
6.5092526E12
6.9173374E12
7.319331E12
7.7836934E12
8.3185086E12
8.9613004E12
9.7529071E12
1.07264795E13
1.18882671E13
1.33510505E13
1.50302139E13
1.70920247E13
1.95731307E13
2.25398395E13
2.61379441E13
3.05476886E13
3.5881218E13
4.2333437E13
5.0276229E13
6.0023175E13
7.2076052E13
8.7370028E13
1.06999002E14
1.31569361E14
1.62054233E14
1.98909314E14
2.42779939E14
2.92701082E14
3.46661574E14
4.04411235E14
4.63196587E14
5.15756349E14
5.61827189E14
5.9125218E14
6.0148467E14
5.9398076E14
5.5492172E14
4.95215333E14
4.23699698E14
3.40792703E14
2.63771491E14
1.96461501E14
1.42070036E14
1.01735654E14
7.2535983E13
5.171154E13
3.7288722E13
2.67423287E13
1.90974127E13
1.34490159E13
9.2300452E12
6.2705222E12
4.21611359E12
2.84256476E12
1.96626612E12
1.41425351E12
1.07114267E12
8.6037706E11
7.3046694E11
6.565234E11
6.1652435E11
6.0604868E11
6.214499E11
6.6712548E11
7.5097833E11
8.8900829E11
1.09770546E12
1.40790989E12
1.82717697E12
2.40890361E12
3.17024528E12
4.12346981E12
5.3588808E12
6.8959569E12
8.9643601E12
1.17874308E13
1.55738387E13
2.09420655E13
2.81529633E13
3.7410323E13
4.8883921E13
6.1126411E13
7.3054852E13
8.3189255E13
8.9990554E13
9.3520061E13
9.3278855E13
8.9432057E13
8.2560135E13
7.3480658E13
6.322298E13
5.3393863E13
4.4271906E13
3.6602592E13
3.03681786E13
2.55970677E13
2.19510745E13
1.91800216E13
1.70934267E13
1.54085244E13
1.3987058E13
1.27409985E13
1.1538955E13
1.03814602E13
9.3067328E12
8.3052708E12
7.5199781E12
6.9696094E12
6.6642636E12
6.69825E12
7.0663201E12
7.8668125E12
9.1825289E12
1.09772695E13
1.33295757E13
1.62132677E13
1.92666256E13
2.23609356E13
2.51746635E13
2.74120353E13
2.92208394E13
3.05673305E13
3.15729715E13
3.23615531E13
3.26924732E13
3.25400564E13
3.17393763E13
3.00340205E13
2.77577046E13
2.50267283E13
2.20534281E13
1.90775359E13
1.62755458E13
1.37227256E13
1.13632451E13
9.3107624E12
7.4859471E12
5.9319218E12
4.6637777E12
3.65897292E12
2.89523106E12
2.3441467E12
1.95820454E12
1.70615295E12
1.55530809E12
1.48548721E12
1.47672977E12
1.52478063E12
1.60462681E12
1.72604719E12
1.8816501E12
