-0.9940357
-0.9936725
-0.9931257
-0.9925358
-0.99189353
-0.9912931
-0.9906856
-0.9900675
-0.9895183
-0.98903835
-0.9886646
-0.988462
-0.988446
-0.98857415
-0.9888892
-0.9893117
-0.9897622
-0.9901339
-0.9904419
-0.9904699
-0.9901602
-0.9894737
-0.988493
-0.9872212
-0.9858101
-0.98442954
-0.9831639
-0.9821404
-0.981456
-0.98111695
-0.9810962
-0.9812149
-0.98151606
-0.9819576
-0.9825488
-0.98330766
-0.9842922
-0.9857215
-0.98755336
-0.98976696
-0.9924607
-0.9954132
-0.9984541
-1.0015805
-1.0046514
-1.0075434
-1.0103261
-1.0127786
-1.015185
-1.01742
-1.019539
-1.0215975
-1.0235436
-1.0253615
-1.0270817
-1.0285927
-1.0299672
-1.0312569
-1.0324033
-1.0334529
-1.0344429
-1.0352367
-1.0360705
-1.0367982
-1.0374689
-1.0382323
-1.038883
-1.0396105
-1.0402611
-1.0408351
-1.0413814
-1.0418667
-1.0423465
-1.0429679
-1.0436578
-1.0443274
-1.0451876
-1.0460396
-1.0467908
-1.0475729
-1.0481493
-1.0486518
-1.0492339
-1.0497948
-1.0504817
-1.0514882
-1.0526859
-1.054246
-1.0559235
-1.0577328
-1.0596157
-1.0614154
-1.0632418
-1.0649447
-1.066592
-1.0681343
-1.069658
-1.0710318
-1.0722369
-1.0732123
-1.0737585
-1.0738475
-1.0734209
-1.0723217
-1.0705007
-1.067989
-1.0644897
-1.0602401
-1.0551404
-1.0492287
-1.0427022
-1.0356171
-1.0281848
-1.0207016
-1.0132104
-1.0060008
-0.9991456
-0.9926051
-0.9864888
-0.9808055
-0.9753809
-0.9704612
-0.9659295
-0.9618156
-0.9583495
-0.95536673
-0.9529459
-0.95119977
-0.9499124
-0.9491844
-0.94892764
-0.94894445
-0.9494689
-0.95030683
-0.95145506
-0.95306313
-0.95487
-0.956757
-0.95872414
-0.96057665
-0.9622351
-0.9636291
-0.96478
-0.96563864
-0.9662965
-0.96680534
-0.96721685
-0.9677567
-0.96834856
-0.9689803
-0.9699386
-0.97095495
-0.9722643
-0.9738757
-0.97568244
-0.9778309
-0.9802418
-0.9827046
-0.98539615
-0.98803586
-0.9906419
-0.9931473
-0.9954787
-0.9975813
-0.9995162
-1.0011826
-1.0026233
-1.0039053
-1.0050349
-1.0061277
-1.0071502
-1.008151
-1.0091517
-1.0099967
-1.0107865
-1.0114698
-1.0118756
-1.0121228
-1.0122417
-1.0121319
-1.0119884
-1.0117534
-1.0115336
-1.0114083
-1.0112038
-1.0112066
-1.0112431
-1.0112461
-1.0112338
-1.0112553
-1.0112523
-1.0112219
-1.0110725
-1.0109112
-1.0105518
-1.0099458
-1.009206
-1.0081832
-1.0068595
-1.0051677
-1.0030168
-1.0005413
-0.9977505
-0.9945778
-0.9912001
-0.98771465
-0.9840946
-0.9806348
-0.9771986
-0.9740229
-0.9710825
-0.96842545
-0.96613926
-0.9641588
-0.9624962
-0.9612875
-0.96021676
-0.95939696
-0.958697
-0.9579807
-0.95735735
-0.9566946
-0.95610315
-0.95562625
-0.955185
-0.95502615
-0.95513195
-0.95560956
-0.9565486
-0.95793205
-0.95988107
-0.96220386
-0.9647767
-0.9675163
-0.97016984
-0.9727078
-0.9750108
-0.9770815
-0.9790495
-0.98096305
-0.9828989
-0.98513544
-0.9874027
-0.9898479
-0.99230576
-0.99459076
-0.9966879
-0.9985794
-1.0002023
-1.0018197
-1.0033365
-1.0047642
-1.006259
-1.0075773
-1.0087004
-1.0096352
-1.0101386
-1.0102679
-1.0101312
-1.0095075
-1.0086591
-1.0075324
-1.0061928
-1.0046684
-1.0029867
-1.0011877
-0.99924684
-0.9973558
-0.99556845
-0.99392605
-0.9924546
-0.9912388
-0.9900469
-0.98910713
-0.98825496
-0.98764515
-0.987341
-0.9873209
-0.9876699
-0.98842794
-0.9894259
-0.9906767
-0.99209917
-0.9935051
-0.9949829
-0.9963131
-0.99763566
-0.99886173
-0.999936
-1.0008886
-1.0015178
-1.0020217
-1.0021713
-1.0020124
-1.0015023
-1.0007511
-0.99965525
-0.99831545
-0.9967319
-0.99491394
-0.9928038
