1.10043542E13
1.02852398E13
9.6919901E12
9.1599468E12
8.6778902E12
8.2356417E12
7.8146201E12
7.365827E12
6.9467159E12
6.5718898E12
6.267593E12
6.0345365E12
5.9130569E12
5.8950167E12
5.921273E12
5.9863649E12
6.0036769E12
5.9580581E12
5.802505E12
5.527398E12
5.1685679E12
4.7511749E12
4.35556791E12
3.98780924E12
3.67823631E12
3.43917566E12
3.26145409E12
3.13780234E12
3.06679933E12
3.05421956E12
3.10757556E12
3.24904891E12
3.48051866E12
3.83567528E12
4.28788574E12
4.8213304E12
5.4178632E12
5.9896318E12
6.4627377E12
6.8225618E12
7.0088157E12
7.0612675E12
7.0597052E12
6.9830621E12
6.8801391E12
6.733014E12
6.5463685E12
6.3236698E12
6.0923503E12
5.888364E12
5.7942103E12
5.8048077E12
5.9654039E12
6.2477797E12
6.6122757E12
6.978948E12
7.3088961E12
7.4675509E12
7.5159778E12
7.4307663E12
7.2968616E12
7.1462478E12
6.9967413E12
6.7703983E12
6.4849885E12
6.0704162E12
5.5293489E12
4.9229914E12
4.2945809E12
3.71639478E12
3.24272783E12
2.8536794E12
2.53911237E12
2.27711831E12
2.04707109E12
1.82786366E12
1.62142801E12
1.42325383E12
1.23996183E12
1.08235391E12
9.479034E11
8.4310045E11
7.624278E11
6.9392833E11
6.40452E11
5.9465774E11
5.5739672E11
5.32678803E11
5.17881823E11
5.15695542E11
5.32202521E11
5.5813826E11
5.9160547E11
6.2353362E11
6.3084875E11
6.0833248E11
5.5327641E11
4.80359416E11
4.12475785E11
3.62739565E11
3.38745623E11
3.48861202E11
3.96410126E11
4.91057218E11
6.4585197E11
8.6096642E11
1.12782082E12
1.4254734E12
1.69831537E12
1.94083212E12
2.15920384E12
2.37236702E12
2.61253707E12
2.88746085E12
3.17904965E12
3.4871703E12
3.78066226E12
4.08782399E12
4.5137495E12
5.1811231E12
6.3422113E12
8.4072585E12
1.18449693E13
1.73796397E13
2.56286759E13
3.6330843E13
4.8557747E13
6.0252238E13
6.9679385E13
7.6518055E13
8.1858914E13
8.6422661E13
9.2187195E13
9.9487809E13
1.08773167E14
1.21107542E14
1.37048153E14
1.59123639E14
1.91111969E14
2.36183607E14
2.99276744E14
3.81723607E14
4.76263924E14
5.699741E14
6.4077315E14
6.6519138E14
6.452226E14
5.8863486E14
5.13774994E14
4.39909576E14
3.74837667E14
3.20870162E14
2.79659816E14
2.47784716E14
2.25221022E14
2.12050672E14
2.05485798E14
2.05616744E14
2.08793393E14
2.07948442E14
1.97463806E14
1.74613858E14
1.40174042E14
1.03840003E14
7.1919227E13
4.8642564E13
3.35831714E13
2.43132017E13
1.89515432E13
1.59425537E13
1.41238343E13
1.28816482E13
1.18194669E13
1.0585186E13
9.2793471E12
8.0547666E12
7.0296477E12
6.32595E12
5.9069023E12
5.7629858E12
5.8612137E12
6.0996636E12
6.4466835E12
6.858324E12
7.2661541E12
7.7072129E12
8.1191177E12
8.4929051E12
8.7925672E12
8.9434054E12
8.895973E12
8.6295781E12
8.1832963E12
7.5679222E12
6.9936323E12
6.4854835E12
6.132689E12
5.9692968E12
5.98954E12
6.191372E12
6.6216526E12
7.3311233E12
8.4154411E12
9.9811055E12
1.20592081E13
1.453032E13
1.70415368E13
1.88406437E13
1.92908959E13
1.82093296E13
1.59817977E13
1.35561006E13
1.14255756E13
9.9356718E12
9.2052033E12
9.1487365E12
9.7412878E12
1.0886444E13
1.23896018E13
1.40509918E13
1.55842689E13
1.66345184E13
1.73903834E13
1.78658497E13
1.82556851E13
1.8717608E13
1.90932981E13
1.92354535E13
1.90095756E13
1.81340146E13
1.68780502E13
1.54057918E13
1.39071198E13
1.27393941E13
1.19703842E13
1.16224929E13
1.17863287E13
1.23025437E13
1.3115187E13
1.40166488E13
1.48153219E13
1.53289386E13
1.54571521E13
1.51483864E13
1.44084744E13
1.34050176E13
1.2182011E13
1.08524638E13
9.7124939E12
8.8151184E12
8.2455282E12
8.0624212E12
8.2203404E12
8.7004461E12
9.518154E12
1.04490022E13
1.15394174E13
1.25952034E13
1.32967427E13
1.36479936E13
1.3582811E13
1.30735533E13
1.2466713E13
1.17134705E13
1.09551813E13
1.03720587E13
9.833207E12
9.5183176E12
9.5079744E12
9.7846758E12
1.05532537E13
1.1810813E13
1.35853244E13
1.60346197E13
1.8950459E13
2.21834935E13
2.54841947E13
2.82167733E13
3.01058291E13
3.0887444E13
3.03742604E13
2.92874051E13
2.78619331E13
2.65035658E13
2.53897327E13
2.46029882E13
2.42791859E13
2.43784902E13
2.50868515E13
2.65895406E13
2.89531002E13
3.21440889E13
3.6008117E13
4.0084926E13
4.3686491E13
4.6235956E13
4.6942751E13
4.5951285E13
4.3025032E13
3.9089424E13
3.45957267E13
